0	1684
1	1684
2	1684
3	1684
4	1684
5	1684
6	1684
7	1684
8	1684
9	1684
10	1684
11	1684
12	1684
13	1684
14	1684
15	1684
16	1684
17	1684
18	1684
19	1684
20	1684
21	1684
22	1684
23	1684
24	1684
25	1684
26	1684
27	1684
28	1684
29	1684
30	1684
31	1684
32	1684
33	1684
34	1684
35	1684
36	1684
37	1684
38	1684
39	1684
40	1684
41	1684
42	1684
43	1684
44	1684
45	1684
46	1684
47	1684
48	1684
49	1684
50	1684
51	1684
52	1684
53	1684
54	1684
55	1684
56	1684
57	1684
58	1684
59	1684
60	1684
61	1684
62	1684
63	101
64	1684
65	1684
66	1684
67	1684
68	1684
69	1684
70	1684
71	1684
72	1684
73	1684
74	1684
75	1684
76	1684
77	1684
78	1684
79	1684
80	1684
81	1684
82	1684
83	1684
84	1684
85	1684
86	1684
87	1684
88	1684
89	1684
90	1684
91	1684
92	1684
93	1684
94	1684
95	1684
96	1684
97	1684
98	1684
99	1684
100	1684
101	1684
102	1684
103	0
104	1684
105	1684
106	1684
107	1684
108	1684
109	1684
110	1684
111	1684
112	1684
113	1684
114	1684
115	1684
116	1684
117	1684
118	1684
119	1684
120	1684
121	1912
122	1684
123	1684
124	1684
125	1684
126	1684
127	1684
128	1684
129	1684
130	1684
131	1684
132	0
133	1684
134	1684
135	1684
136	0
137	1684
138	1684
139	1684
140	1684
141	1684
142	1684
143	1684
144	1684
145	1684
146	1684
147	1684
148	1684
149	1684
150	1684
151	1684
152	1684
153	1684
154	1684
155	1684
156	1684
157	1684
158	1684
159	1684
160	1684
161	1684
162	1684
163	1684
164	1684
165	1684
166	1684
167	1684
168	1684
169	1684
170	1912
171	1684
172	1684
173	1684
174	1684
175	1684
176	1684
177	1684
178	1684
179	1684
180	1684
181	1684
182	1684
183	1684
184	1684
185	1684
186	1684
187	1684
188	0
189	1684
190	1684
191	1684
192	1684
193	1684
194	1684
195	1684
196	1684
197	1684
198	107
199	1684
200	1684
201	1684
202	1684
203	1684
204	1684
205	1684
206	1684
207	1684
208	1684
209	1684
210	1684
211	1684
212	1684
213	1684
214	1684
215	1684
216	1684
217	1684
218	1684
219	1684
220	1684
221	1684
222	1684
223	1684
224	0
225	1684
226	1684
227	1684
228	1684
229	1684
230	1684
231	1684
232	1684
233	1684
234	1684
235	1684
236	1684
237	1684
238	1684
239	1684
240	1684
241	1684
242	0
243	1684
244	1684
245	1684
246	1684
247	1684
248	1684
249	0
250	0
251	1684
252	1684
253	1684
254	1684
255	1684
256	1684
257	1684
258	0
259	1684
260	1684
261	1684
262	1684
263	1684
264	1684
265	1684
266	1684
267	1684
268	1684
269	1684
270	1684
271	1684
272	1684
273	1684
274	1684
275	1684
276	1684
277	1684
278	1684
279	1684
280	1684
281	1684
282	1684
283	1684
284	1684
285	1684
286	1684
287	1684
288	1684
289	1684
290	1684
291	1684
292	1684
293	1684
294	1684
295	1684
296	1684
297	1684
298	1684
299	1684
300	1684
301	1684
302	1684
303	1684
304	1684
305	1684
306	1684
307	1684
308	1684
309	1684
310	1684
311	1684
312	1684
313	1684
314	1684
315	1912
316	1684
317	1684
318	1684
319	1684
320	1684
321	1684
322	1684
323	1684
324	1684
325	1684
326	1684
327	1684
328	1684
329	1684
330	1684
331	1684
332	1684
333	1684
334	1684
335	1684
336	1684
337	1684
338	1684
339	1684
340	1684
341	0
342	1684
343	1684
344	1684
345	1684
346	1684
347	1684
348	1085
414	1684
428	1684
1684	1684
1912	1684
2814	1684
2838	1684
2885	1684
3003	1684
3173	1684
3290	1684
353	1684
363	1684
366	107
376	348
389	563
420	1684
475	1684
483	1684
484	1875
517	1684
526	1684
538	1684
563	1684
566	1684
580	1684
596	1684
601	1684
606	1684
629	1684
637	1684
641	1684
649	1684
651	1684
896	1684
897	1684
898	1684
899	1684
900	1684
901	1684
902	1684
903	1684
904	1684
905	402
906	1684
907	1684
908	1684
909	1684
910	1684
911	1684
912	1684
913	1684
914	1684
915	1684
916	107
917	1684
918	1684
919	1684
920	1684
921	1684
922	1684
923	1684
924	1684
925	1361
926	1684
927	1684
928	1684
929	1684
930	1684
931	1684
932	1684
933	1684
934	1684
935	1684
936	402
937	1684
938	1684
939	1684
940	1684
941	1684
942	1684
943	1684
944	1684
945	1684
946	1361
947	1684
948	1684
949	1684
950	1684
951	1684
952	1684
953	1684
954	1684
955	1684
956	1684
957	1684
958	1684
959	1684
960	1684
961	1684
962	1684
963	1684
964	1684
965	1684
966	1684
967	1684
968	1684
969	1684
970	2938
971	1875
972	1684
973	1684
974	1684
975	1684
976	1684
977	1684
978	1684
979	1684
980	1684
981	1361
982	1684
983	1684
984	1684
985	1684
986	1684
987	1684
988	1684
989	1684
990	1684
991	1684
992	1684
993	1684
994	1684
995	1684
996	1684
997	1684
998	1684
999	1684
1000	1684
1001	402
1002	1684
1003	1684
1004	1684
1005	976
1006	1684
1007	1684
1008	1684
1009	107
1010	1684
1011	1684
1012	402
1013	1361
1014	1684
1015	1684
1016	1684
1017	1684
1018	1684
1019	1684
1020	1684
1021	1684
1022	1684
1023	1684
1024	1684
1025	1684
1026	1684
1027	1684
1028	1684
1029	1684
1030	1684
1031	1684
1032	976
1033	1684
1034	1684
1035	1684
1036	1684
1037	1684
1038	1684
1039	1684
1040	402
1041	563
1042	1684
1043	1684
1044	1684
1045	1684
1046	1684
1047	1684
1048	1684
1049	1684
1050	1684
1051	1684
1052	1684
1053	1684
1054	1684
1055	1684
1056	1684
1057	1684
1058	1684
1059	1684
1060	1684
1061	1684
1062	1684
1063	1684
1064	1684
1065	1684
1066	1684
1067	1684
1068	1684
1069	1684
1070	1684
1071	1684
1072	1684
1073	1684
1074	1684
1075	1684
1076	1597
1077	1684
1078	1684
1079	1684
1080	1684
1081	1684
1082	1684
1083	1684
1084	1684
1085	1684
1086	1684
1087	1684
1088	1684
1089	1684
1090	1684
1091	1684
1092	1684
1093	1684
1094	1684
1095	1684
1096	1684
1097	1684
1098	1684
1099	1684
1100	1684
1101	1350
1102	1684
1103	1684
1104	107
1105	1684
1106	1684
1107	1684
1108	1684
1109	1684
1110	1350
1111	1684
1112	1684
1113	1853
1114	1684
1115	1684
1116	1684
1117	1684
1118	1684
1119	1684
1120	1684
1121	1684
1122	1684
1123	1684
1124	1684
1125	1684
1126	1684
1127	1684
1128	1684
1129	1684
1130	1684
1131	1684
1132	1684
1133	1684
1134	1684
1135	1684
1136	1684
1137	1684
1138	1684
1139	1684
1140	1684
1141	1684
1142	1684
1143	1684
1144	1684
1145	1684
1146	1684
1147	1684
1148	1684
1149	1684
1150	1684
1151	1684
1152	1684
1153	107
1154	1684
1155	1684
1156	1684
1157	1684
1158	1684
1159	1684
1160	1684
1161	1684
1162	1684
1163	1684
1164	1684
1165	1684
1166	107
1167	1684
1168	1684
1169	1684
1170	1684
1171	1684
1172	1684
1173	1684
1174	1684
1175	1684
1176	1684
1177	1684
1178	1684
1179	1684
1180	1684
1181	1684
1182	1684
1183	1684
1184	1684
1185	1684
1186	1684
1187	1684
1188	1684
1189	1380
1190	1684
1191	1684
1192	1684
1193	1684
1194	1684
1195	1684
1196	1684
1197	1684
1198	1684
1199	1684
1200	1684
1201	1684
1202	1684
1203	1684
1204	1684
1205	1684
1206	1684
1207	1684
1208	1684
1209	402
1210	1684
1211	1350
1212	1684
1213	1684
1214	1684
1215	1684
1216	1684
1217	1684
1218	1684
1219	1684
1220	1684
1221	1684
1222	1684
1223	1684
1224	1684
1225	1684
1226	1684
1227	1684
1228	1473
1229	1684
1230	1684
1231	1684
1232	1684
1233	1684
1234	1684
1235	1684
1236	1684
1237	1684
1238	1684
1239	1684
1240	1684
1241	1684
1242	1684
1243	1684
1244	1684
1245	1684
1246	1380
1247	1684
1248	1684
1249	1684
1250	1684
1251	1684
1252	1684
1253	1684
1254	1684
1255	1684
1256	1684
1257	1684
1258	1684
1259	1380
1260	1684
1261	976
1262	1684
1263	1684
1264	1684
1265	1684
1266	1684
1267	1684
1268	1684
1269	1684
1270	1684
1271	1684
1272	1684
1273	1684
1274	1684
1275	1684
1276	1684
1277	1684
1278	1684
1279	976
1280	1684
1281	107
1282	1684
1283	1684
1284	1684
1285	1491
1286	1684
1287	1684
1288	1684
1289	1684
1290	1684
1291	1684
1292	1684
1293	1684
1294	1684
1295	1684
1296	1684
1297	1684
1298	1684
1299	1684
1300	1684
1301	1684
1302	1684
1303	1350
1304	1684
1305	1684
1306	1684
1307	1684
1308	1473
1309	1684
1310	1684
1311	1684
1312	1684
1313	1684
1314	1684
1315	1361
1316	107
1317	1684
1318	1684
1319	1684
1320	1684
1321	107
1322	1684
1323	107
1324	1350
1325	1684
1326	1684
1327	1684
1328	2938
1329	1684
1330	1350
1331	1684
1332	1684
1333	1684
1334	1684
1335	1684
1336	1684
1337	1684
1338	1684
1339	1684
1340	1684
1341	1684
1342	1684
1343	1684
1344	1684
1345	1361
1346	1684
1347	1684
1348	1684
1349	1684
1350	1684
1351	1684
1352	1684
1353	1684
1354	1684
1355	1684
1356	1684
1357	402
1358	1684
1359	1684
1360	1684
1361	1684
1362	1684
1363	1684
1364	1684
1365	107
1366	1684
1367	1361
1368	1684
1369	402
1370	1684
1371	1684
1372	1684
1373	1684
1374	107
1375	1684
1376	1684
1377	1684
1378	1684
1379	1684
1380	1684
1381	1684
1382	1684
1383	1684
1384	1684
1385	1684
1386	1684
1387	1684
1388	1684
1389	1684
1390	1491
1391	1684
1392	1684
1393	1350
1394	1684
1395	1684
1396	1684
1397	1684
1398	1684
1399	1684
1400	107
1401	1684
1402	1684
1403	1684
1404	1684
1405	1684
1406	1684
1407	1684
1408	1684
1409	1684
1410	1684
1411	1684
1412	1684
1413	1684
1414	1684
1415	1684
1416	1684
1417	1684
1418	1684
1419	1684
1420	1684
1421	1684
1422	1684
1423	1684
1424	1684
1425	1684
1426	1684
1427	1684
1428	1684
1429	1684
1430	1684
1431	1684
1432	1684
1433	2938
1434	1684
1435	1491
1436	1684
1437	1684
1438	1684
1439	1350
1440	1684
1441	1684
1442	1684
1443	1684
1444	1684
1445	1684
1446	1684
1447	1684
1448	1684
1449	1684
1450	2947
1451	1684
1452	1684
1453	1684
1454	1684
1455	1684
1456	1684
1457	107
1458	1684
1459	1684
1460	1684
1461	1684
1462	1361
1463	1684
1464	1684
1465	1684
1466	1684
1467	1491
1468	107
1469	1684
1470	1684
1471	1684
1472	1684
1473	1684
1474	1684
1475	1684
1476	1684
1477	1684
1478	1684
1479	1350
1480	1684
1481	1684
1482	1684
1483	1684
1484	1684
1485	1684
1486	1684
1487	1684
1488	1684
1489	1875
1490	1684
1491	1684
1492	1684
1493	107
1494	2938
1495	1684
1496	1684
1497	1684
1498	1684
1499	1684
1500	1684
1501	1684
1502	1684
1503	976
1504	1684
1505	1684
1506	1684
1507	1684
1508	1684
1509	1684
1510	1684
1511	1684
1512	1684
1513	107
1514	1684
1515	1684
1516	1684
1517	1350
1518	1684
1519	1684
1520	1684
1521	1684
1522	1684
1523	1684
1524	1684
1525	1684
1526	1684
1527	1684
1528	402
1529	1684
1530	1361
1531	1684
1532	1684
1533	1684
1534	1684
1535	1684
1536	1684
1537	1684
1538	1684
1539	1684
1540	1684
1541	1684
1542	1684
1543	1684
1544	1684
1545	1684
1546	1684
1547	1684
1548	1684
1549	1684
1550	1684
1551	1684
1552	1684
1553	1684
1554	1684
1555	1684
1556	1684
1557	1684
1558	1684
1559	1684
1560	1684
1561	1684
1562	1684
1563	1684
1564	1684
1565	1684
1566	1684
1567	1684
1568	1684
1569	1684
1570	1684
1571	1684
1572	1684
1573	1684
1574	1684
1575	1684
1576	1684
1577	1684
1578	1684
1579	1684
1580	1684
1581	1684
1582	1684
1583	1684
1584	1684
1585	1684
1586	1684
1587	1684
1588	1684
1589	1684
1590	1684
1591	1684
1592	1684
1593	1684
1594	1684
1595	1684
1596	1684
1597	1684
1598	1684
1599	1684
1600	1491
1601	1684
1602	1684
1603	1684
1604	1684
1605	1684
1606	1684
1607	1684
1608	1684
1609	107
1610	1684
1611	1684
1612	1684
1613	1350
1614	1684
1615	1684
1616	402
1617	1684
1618	1684
1619	1684
1620	1350
1621	1684
1622	1684
1623	107
1624	1684
1625	1684
1626	1684
1627	1684
1628	1684
1629	1684
1630	1684
1631	1684
1632	1684
1633	1684
1634	1684
1635	1350
1636	1684
1637	1684
1638	1684
1639	1684
1640	1684
1641	1684
1642	1684
1643	1597
1644	1684
1645	1684
1646	1684
1647	1684
1648	1684
1649	1684
1650	1684
1651	1684
1652	1684
1653	1684
1654	1684
1655	1684
1656	1684
1657	1684
1658	1684
1659	1684
1660	1684
1661	1684
1662	402
1663	1219
1664	1684
1665	402
1666	1684
1667	1684
1668	1684
1669	1684
1670	1684
1671	1684
1672	1684
1673	1684
1674	1684
1675	1684
1676	1684
1677	1684
1678	1684
1679	1684
1680	1684
1681	1684
1682	1350
1683	1684
1685	1684
1686	1684
1687	1684
1688	1684
1689	1491
1690	1684
1691	1684
1692	1684
1693	1684
1694	1684
1695	1684
1696	1875
1697	1684
1698	2938
1699	1684
1700	1684
1701	1684
1702	402
1703	1684
1704	1684
1705	1684
1706	976
1707	1684
1708	1684
1709	1684
1710	1684
1711	1684
1712	1684
1713	1684
1714	107
1715	1684
1716	1684
1717	1684
1718	1684
1719	1684
1720	1684
1721	1361
1722	1684
1723	1684
1724	1684
1725	1684
1726	1684
1727	1684
1728	1684
1729	1684
1730	1684
1731	1684
1732	1684
1733	1684
1734	107
1735	1684
1736	1684
1737	1684
1738	1684
1739	1684
1740	1684
1741	1684
1742	1684
1743	1684
1744	1684
1745	1684
1746	1684
1747	1684
1748	1684
1749	1684
1750	1361
1751	1684
1752	1684
1753	1684
1754	1684
1755	1684
1756	1684
1757	1350
1758	107
1759	1684
1760	1684
1761	1684
1762	1684
1763	1684
1764	1684
1765	1684
1766	1684
1767	402
1768	1684
1769	1684
1770	1684
1771	1684
1772	1684
1773	1684
1774	1684
1775	1350
1776	1684
1777	1684
1778	1875
1779	1684
1780	1684
1781	1684
1782	1684
1783	1684
1784	1684
1785	1684
1786	1684
1787	1684
1788	1684
1789	1684
1790	1684
1791	1684
1792	1684
1793	1684
1794	1684
1795	107
1796	1684
1797	1684
1798	1684
1799	1684
1800	1684
1801	1684
1802	1684
1803	1684
1804	1684
1805	1684
1806	1684
1807	1684
1808	1684
1809	1491
1810	1684
1811	1684
1812	1684
1813	1684
1814	1684
1815	1684
1816	1684
1817	1684
1818	107
1819	1684
1820	1684
1821	1684
1822	1684
1823	1684
1824	1350
1825	1684
1826	402
1827	1684
1828	107
1829	1684
1830	1684
1831	1684
1832	1684
1833	1684
1834	1684
1835	402
1836	1684
1837	107
1838	1684
1839	1684
1840	1684
1841	1350
1842	1684
1843	1361
1844	1684
1845	402
1846	1684
1847	1684
1848	1684
1849	1684
1850	1684
1851	107
1852	1684
1853	1684
1854	1684
1855	1684
1856	1684
1857	1684
1858	1684
1859	1684
1860	1684
1861	1684
1862	1684
1863	1684
1864	1684
1865	1684
1866	1684
1867	1684
1868	1684
1869	1684
1870	1684
1871	1684
1872	1684
1873	1684
1874	1684
1875	1684
1876	1684
1877	1684
1878	1853
1879	1684
1880	1684
1881	1085
1882	1853
1883	1684
1884	1684
1885	1684
1886	1684
1887	1684
1888	1684
1889	1684
1890	1684
1891	1597
1892	1684
1893	1684
1894	1684
1895	1684
1896	1684
1897	1684
1898	1684
1899	1684
1900	1350
1901	1684
1902	1684
1903	1684
1904	1380
1905	1684
1906	1684
1907	1684
1908	1684
1909	1684
1910	1684
1911	1684
1926	2248
1932	1684
1939	2248
1945	0
1951	1912
1955	107
1972	2248
1973	1684
1976	1684
1991	1912
1995	1684
1998	1684
2001	1684
2004	2248
2007	1912
2009	1684
2018	1912
2024	1684
2027	2248
2032	2248
2038	1912
2039	2248
2042	1684
2054	2040
2068	1912
2071	1912
2072	1959
2081	2100
2102	2100
2111	2248
2116	1684
2117	2248
2127	2248
2128	1912
2133	1684
2135	2248
2138	2248
2143	1684
2153	1953
2157	1684
2171	1912
2174	2100
2180	1912
2183	2248
2187	1577
2189	1912
2199	1684
2203	2248
2223	107
2224	1912
2225	1912
2247	2100
2250	1912
2254	2248
2264	2248
2267	1684
2268	2100
2279	2100
2283	2248
2284	1684
2289	2040
2292	1953
2302	1912
2319	1912
2327	2100
2336	2248
2337	1912
2364	1912
2378	1684
2384	2100
2398	1953
2417	2248
2436	2100
2445	1912
2447	1684
2451	2248
2458	2248
2459	1684
2461	1912
2463	2248
2471	1912
2472	2248
2475	1912
2491	1912
2494	2248
2498	1912
2502	2248
2508	2100
2510	1959
2511	1684
2529	1912
2533	2248
2538	2100
2543	1912
2547	1684
2571	2100
2583	1684
2589	1912
2598	2248
2617	2100
2629	2248
2635	1912
2636	1684
2640	2248
2643	2248
2647	1684
2649	0
2653	1912
2660	1684
2704	1684
2740	1684
427	107
464	1085
549	1085
351	107
364	107
393	107
399	107
441	107
476	107
501	107
564	107
349	1684
350	1684
352	107
354	348
355	107
356	107
357	1684
358	1085
359	348
360	1085
361	107
362	348
365	1684
367	107
368	107
369	563
370	1085
371	1085
372	1684
373	1085
374	1085
375	107
377	1684
378	428
379	107
380	107
381	107
382	107
383	1085
384	107
385	1684
386	107
387	1085
388	1085
390	348
391	1684
392	1085
394	1684
395	402
396	107
397	1684
398	107
400	1085
401	107
402	1085
403	348
404	1684
405	1085
406	107
407	1684
408	1684
409	107
410	1684
411	107
412	1684
413	107
415	348
416	1085
417	1085
418	107
419	1085
421	1684
422	1684
423	1684
424	107
425	402
426	1684
429	107
430	402
431	1684
432	563
433	1684
434	1853
435	1684
436	1853
437	107
438	428
439	1085
440	107
442	563
443	107
444	348
445	107
446	348
447	1085
448	107
449	1684
450	1085
451	1085
452	1684
453	107
454	107
455	1684
456	1085
457	1684
458	107
459	107
460	1085
461	1085
462	107
463	1684
465	348
466	107
467	107
468	1684
469	563
470	107
471	1085
472	1085
473	1684
474	348
477	1684
478	1684
479	107
480	1684
481	107
482	428
485	1684
486	1684
487	107
488	107
489	107
490	107
491	107
492	1684
493	348
494	1684
495	107
496	1684
497	1085
498	107
499	107
500	428
502	107
503	348
504	1684
505	107
506	1684
507	563
508	1684
509	1361
510	1684
511	402
512	402
513	1085
514	1684
515	1684
516	563
518	1684
519	1085
520	1085
521	1684
522	107
523	428
524	1085
525	1085
527	1085
528	563
529	107
530	107
531	1684
532	107
533	1085
534	1684
535	348
536	107
537	1085
539	1853
540	1085
541	107
542	1085
543	1684
544	1684
545	1684
546	1684
547	107
548	107
550	1684
551	107
552	107
553	348
554	1684
555	1684
556	1684
557	107
558	1684
559	1684
560	107
561	1085
562	348
565	1684
567	1085
568	107
569	428
570	428
571	1684
572	107
591	1684
656	1684
669	1684
604	1684
645	1684
646	1085
666	1684
683	1085
587	1684
590	1085
614	1684
634	1085
680	1684
586	1684
610	1684
652	1684
673	1684
676	1684
620	1684
574	1684
630	1684
678	1684
593	1684
609	1684
573	428
575	1684
576	1684
577	1684
578	1684
579	1684
581	1684
582	1684
583	1684
584	1684
585	1684
588	1684
589	1684
592	1684
594	1684
595	1684
597	1684
598	1684
599	1684
600	1684
602	1684
603	1684
605	1684
607	1684
608	1684
611	1684
612	1684
613	1684
615	1684
616	1684
617	1684
618	428
619	428
621	1684
622	1684
623	1684
624	1684
625	1684
626	1684
627	1684
628	1684
631	1684
632	1684
633	1684
635	1684
636	1684
638	1684
639	1684
640	1684
642	1684
643	1684
644	1684
647	1684
648	1684
650	1684
653	1684
654	1684
655	1684
657	1684
658	1684
659	1684
660	1684
661	1684
662	1684
663	1684
664	1684
665	1684
667	1684
668	1684
670	1684
671	1684
672	1684
674	1684
675	1684
677	1684
679	1684
681	1684
682	1684
684	1684
685	1684
1967	1684
3437	1085
3454	1085
3487	1085
3723	1085
3861	1875
3961	1085
3980	1684
3989	428
4011	1684
4031	1684
686	1085
687	1085
688	1085
689	1085
690	1085
691	797
692	1085
693	1085
694	1085
695	1085
696	1085
697	1085
698	686
699	1085
700	1085
701	1085
702	686
703	1085
704	686
705	1085
706	1085
707	1085
708	1085
709	1085
710	1085
711	1085
712	1085
713	774
714	1085
715	1085
716	1085
717	1085
718	1085
719	1085
720	1085
721	1085
722	1085
723	1085
724	1085
725	686
726	1085
727	1085
728	1085
729	698
730	1085
731	1085
732	1085
733	1085
734	1085
735	1085
736	1085
737	1085
738	686
739	1085
740	1085
741	1085
742	1085
743	686
744	1085
745	774
746	1085
747	1085
748	1085
749	1085
750	1085
751	1085
752	1085
753	1085
754	1085
755	1085
756	1085
757	1085
758	1085
759	1085
760	1085
761	1085
762	1085
763	1085
764	1085
765	1085
766	1085
767	1085
768	1085
769	1085
770	1085
771	797
772	1085
773	698
774	1085
775	1085
776	1085
777	1085
778	1085
779	1085
780	1085
781	1085
782	686
783	1085
784	1085
785	1085
786	686
787	1085
788	1085
789	1085
790	1085
791	1085
792	1085
793	686
794	1085
795	686
796	1085
797	1085
798	1085
799	1085
800	1085
801	1085
802	797
803	1085
804	1085
805	1085
806	1085
807	1085
808	686
809	1085
810	1085
811	1085
812	1085
813	1085
814	698
815	1085
816	1085
817	1085
818	1085
819	774
820	1085
821	1085
822	1085
823	1085
824	1085
825	1085
826	1085
827	1085
828	698
829	698
830	1085
831	1085
832	1085
833	1085
834	1085
835	1085
836	1085
837	698
838	1085
839	1085
840	1085
841	1085
842	1085
843	1085
844	1085
845	1085
846	1085
847	1085
848	774
849	1085
850	1085
851	1085
852	1085
853	698
854	1085
855	1085
856	686
890	1085
857	1085
858	1085
859	698
860	1684
861	1085
862	1085
863	1085
864	1085
865	1085
866	1085
867	1085
868	1085
869	698
870	686
871	1085
872	1085
873	698
874	1085
875	686
876	1085
877	698
878	1085
879	1085
880	1085
881	1085
882	1085
883	686
884	1085
885	698
886	1085
887	1085
888	698
889	1085
891	686
892	686
893	1085
894	1085
895	1085
3456	1085
3495	1085
3586	1085
3621	1085
3626	1085
3797	1085
3501	1085
3517	1085
3550	1085
3577	1085
3592	1085
3609	1085
3633	3437
3677	1085
3684	1085
3721	1085
3779	1085
3872	1085
3948	1085
2678	2947
2760	1684
2822	1684
2883	1684
2941	2947
2968	2947
3005	1684
3057	1684
3136	3194
3164	1684
3222	1684
3245	1684
3248	2947
3263	2947
3278	1684
3328	1684
3361	1684
3440	1085
3525	1085
3540	3437
3556	1085
3561	3437
3651	1085
3674	1085
3692	1085
3741	1085
3750	1085
3756	1085
3830	3437
3851	1085
3877	1085
3886	1085
3943	1085
3962	1085
2677	2906
2826	1684
2724	2947
2752	1684
2775	3106
2869	2906
2892	1684
2962	3106
3001	1684
3019	2947
3100	2947
3162	1684
3168	1684
3233	1684
3295	3106
3304	2947
3331	1684
3366	3106
3404	1684
3406	2947
3412	1684
2813	3106
2971	1684
3034	1684
3178	2906
3410	1684
3420	1684
2976	1684
3011	1684
3179	1684
3289	3106
1920	2100
1941	2100
1948	1912
1959	2100
2028	2248
2047	1912
2053	2248
2065	1912
2087	1912
2125	2248
2132	1953
2134	1684
2148	1684
2149	2100
2169	1684
2191	2248
2194	2100
2196	1912
2198	2248
2239	2100
2266	1912
2282	2100
2285	2100
2293	2100
2315	1912
2328	2248
2332	1684
2333	1959
2338	2248
2347	2248
2351	2100
2368	2100
2372	107
2385	2100
2399	1684
2420	2248
2496	1684
2501	1912
2509	1953
2512	1684
2516	2248
2530	2100
2542	1912
2555	1912
2567	2100
2592	1912
2597	1684
2608	1684
2642	1912
2725	1684
2734	1684
2764	1684
2964	1684
3020	1684
3062	3106
3079	1684
3165	1684
3205	2947
3258	1684
3386	1684
3409	1684
2693	3106
2979	1684
3101	1684
3265	1684
3385	1684
1913	2100
1916	2248
1940	2248
1947	2248
1954	2040
1994	2248
2002	2248
2010	2100
2026	2248
2052	2100
2062	1684
2101	2248
2137	2248
2144	2248
2151	2248
2163	2100
2176	1953
2215	2248
2241	1912
2246	2100
2273	2248
2294	1684
2295	1684
2298	1684
2343	2100
2344	1684
2355	1684
2377	1684
2389	2100
2394	2248
2413	2100
2419	1912
2465	1912
2468	2100
2519	2100
2544	1684
2582	1912
2588	1953
2594	2248
2605	1684
2609	2100
2616	107
2903	1684
2938	1684
2999	1684
3201	2906
3319	1684
3355	2947
3097	3194
2707	3106
3111	2947
3186	1684
2661	2751
2662	2947
2663	2947
2664	1684
2665	2906
2666	1684
2667	1684
2668	2947
2669	1684
2670	1684
2671	1684
2672	2906
2673	1684
2674	2947
2675	1684
2676	2906
2679	1684
2680	2947
2681	2906
2682	1684
2683	1684
2684	1684
2685	1684
2686	1684
2687	1684
2688	1684
2689	1684
2690	2947
2691	1684
2692	1684
2694	2947
2695	2947
2696	1684
2697	1684
2698	1684
2699	1684
2700	2906
2701	2906
2702	2947
2703	1684
2705	2947
2706	1684
2708	1684
2709	1684
2710	2835
2711	2947
2712	1684
2713	3106
2714	1684
2715	1684
2716	1684
2717	2947
2718	1684
2719	1684
2720	1684
2721	1684
2722	1684
2723	1684
2726	1684
2727	1684
2728	1684
2729	1684
2730	1684
2731	1684
2732	1684
2733	1684
2735	1684
2736	1684
2737	2906
2738	1684
2739	1684
2741	1684
2742	2947
2743	1684
2744	1684
2745	2947
2746	1684
2747	1684
2748	2751
2749	2947
2750	2947
2751	2947
2753	2906
2754	3106
2755	3106
2756	1684
2757	2947
2758	3106
2759	1684
2761	1684
2762	1684
2763	1684
2765	2947
2766	1684
2767	1684
2768	1684
2769	1684
2770	2947
2771	1684
2772	1684
2773	3106
2774	1684
2776	2947
2777	2947
2778	2947
2779	3106
2780	1684
2781	1684
2782	2947
2783	1684
2784	2906
2785	2947
2786	1684
2787	1684
2788	1684
2789	2947
2790	1684
2791	1684
2792	1684
2793	2947
2794	1684
2795	3106
2796	1684
2797	3194
2798	1684
2799	1684
2800	3106
2801	1684
2802	1684
2803	2906
2804	1684
2805	1684
2806	3106
2807	3106
2808	1684
2809	2947
2810	1684
2811	1684
2812	1684
2815	1684
2816	1684
2817	1684
2818	2947
2819	3106
2820	2947
2821	3106
2823	1684
2824	1684
2825	1684
2827	1684
2828	1684
2829	1684
2830	2947
2831	1684
2832	3106
2833	2947
2834	1684
2835	3106
2836	1684
2837	2947
2839	1684
2840	1684
2841	3106
2842	1684
2843	2947
2844	1684
2845	2947
2846	1684
2847	2947
2848	1684
2849	2947
2850	1684
2851	1684
2852	3106
2853	2947
2854	1684
2855	1684
2856	2835
2857	1684
2858	1684
2859	1684
2860	2947
2861	1684
2862	2906
2863	1684
2864	1684
2865	1684
2866	3106
2867	3193
2868	1684
2870	1684
2871	1684
2872	1684
2873	1684
2874	1684
2875	1684
2876	1684
2877	3098
2878	2906
2879	1684
2880	1684
2881	3106
2882	2947
2884	3193
2886	1684
2887	1684
2888	2947
2889	1684
2890	1684
2891	2947
2893	1684
2894	2947
2895	2947
2896	3106
2897	2947
2898	1684
2899	1684
2900	1684
2901	2947
2902	1684
2904	1684
2905	2947
2906	2947
2907	1684
2908	1684
2909	1684
2910	1684
2911	1684
2912	1684
2913	2947
2914	1684
2915	3106
2916	3106
2917	1684
2918	1684
2919	2906
2920	1684
2921	2906
2922	1684
2923	2835
2924	1684
2925	1684
2926	1684
2927	2906
2928	2947
2929	1684
2930	1684
2931	2947
2932	1684
2933	1684
2934	1684
2935	3106
2936	3106
2937	1684
2939	2947
2940	3106
2942	3106
2943	3193
2944	1684
2945	1684
2946	1684
2947	2947
2948	2947
2949	1684
2950	1684
2951	1684
2952	1684
2953	3106
2954	1684
2955	1684
2956	3098
2957	2947
2958	2947
2959	2947
2960	2947
2961	1684
2963	1684
2965	1684
2966	1684
2967	1684
2969	1684
2970	2947
2972	1684
2973	2906
2974	1684
2975	1684
2977	1684
2978	2947
2980	2906
2981	2947
2982	1684
2983	1684
2984	1684
2985	1684
2986	1684
2987	2947
2988	1684
2989	3106
2990	1684
2991	1684
2992	2906
2993	1684
2994	2906
2995	1684
2996	1684
2997	3106
2998	1684
3000	1684
3002	2947
3004	1684
3006	1684
3007	3106
3008	1684
3009	1684
3010	1684
3012	3106
3013	2751
3014	2947
3015	1684
3016	1684
3017	2947
3018	1684
3021	1684
3022	1684
3023	1684
3024	1684
3025	1684
3026	1684
3027	2947
3028	1684
3029	1684
3030	2947
3031	1684
3032	3106
3033	1684
3035	2947
3036	1684
3037	1684
3038	1684
3039	1684
3040	2947
3041	3106
3042	1684
3043	1684
3044	1684
3045	1684
3046	1684
3047	3098
3048	3106
3049	1684
3050	1684
3051	1684
3052	2947
3053	1684
3054	2947
3055	1684
3056	1684
3058	1684
3059	3106
3060	2751
3061	1684
3063	1684
3064	2947
3065	2947
3066	1684
3067	1684
3068	1684
3069	2947
3070	1684
3071	1684
3072	1684
3073	1684
3074	1684
3075	1684
3076	1684
3077	1684
3078	3106
3080	1684
3081	1684
3082	1684
3083	1684
3084	1684
3085	1684
3086	2947
3087	1684
3088	1684
3089	2947
3090	1684
3091	1684
3092	1684
3093	1684
3094	1684
3095	1684
3096	1684
3098	1684
3099	1684
3102	1684
3103	1684
3104	1684
3105	2947
3106	1684
3107	3106
3108	1684
3109	2947
3110	1684
3112	1684
3113	2947
3114	2947
3115	1684
3116	1684
3117	1684
3118	3106
3119	1684
3120	1684
3121	1684
3122	1684
3123	1684
3124	3106
3125	1684
3126	1684
3127	1684
3128	1684
3129	1684
3130	2947
3131	1684
3132	2835
3133	1684
3134	1684
3135	1684
3137	1684
3138	1684
3139	3106
3140	1684
3141	1684
3142	1684
3143	1684
3144	1684
3145	1684
3146	2947
3147	2947
3148	3106
3149	2947
3150	2947
3151	1684
3152	2835
3153	3106
3154	1684
3155	3106
3156	1684
3157	1684
3158	1684
3159	1684
3160	1684
3161	1684
3163	2947
3166	3106
3167	1684
3169	2947
3170	3106
3171	3106
3172	2947
3174	1684
3175	1684
3176	1684
3177	1684
3180	2947
3181	1684
3182	2906
3183	1684
3184	1684
3185	2947
3187	1684
3188	1684
3189	2947
3190	2947
3191	2947
3192	1684
3193	2947
3194	2906
3195	2947
3196	3194
3197	2947
3198	2947
3199	1684
3200	2947
3202	2947
3203	1684
3204	1684
3206	2947
3207	1684
3208	1684
3209	3106
3210	2947
3211	3106
3212	1684
3213	1684
3214	1684
3215	1684
3216	2906
3217	1684
3218	1684
3219	2947
3220	1684
3221	2906
3223	3106
3224	1684
3225	1684
3226	2947
3227	1684
3228	2947
3229	3106
3230	1684
3231	1684
3232	2873
3234	3193
3235	1684
3236	3106
3237	3106
3238	2947
3239	2906
3240	3106
3241	1684
3242	2906
3243	3106
3244	2947
3246	1684
3247	2906
3249	1684
3250	1684
3251	1684
3252	1684
3253	2947
3254	2947
3255	2947
3256	3106
3257	2947
3259	1684
3260	1684
3261	2835
3262	2947
3264	1684
3266	2947
3267	2906
3268	1684
3269	1684
3270	1684
3271	1684
3272	1684
3273	1684
3274	1684
3275	2947
3276	1684
3277	1684
3279	1684
3280	1684
3281	2947
3282	1684
3283	1684
3284	1684
3285	1684
3286	1684
3287	1684
3288	1684
3291	1684
3292	1684
3293	1684
3294	1684
3296	2835
3297	1684
3298	1684
3299	1684
3300	1684
3301	3106
3302	2835
3303	1684
3305	1684
3306	1684
3307	1684
3308	1684
3309	1684
3310	1684
3311	1684
3312	1684
3313	3106
3314	1684
3315	2835
3316	1684
3317	2947
3318	1684
3320	2947
3321	1684
3322	1684
3323	1684
3324	1684
3325	2947
3326	3194
3327	1684
3329	1684
3330	1684
3332	1684
3333	1684
3334	1684
3335	2947
3336	1684
3337	2906
3338	1684
3339	1684
3340	1684
3341	2947
3342	1684
3343	1684
3344	1684
3345	2906
3346	3106
3347	1684
3348	2947
3349	1684
3350	1684
3351	1684
3352	1684
3353	1684
3354	1684
3356	3106
3357	1684
3358	1684
3359	1684
3360	2906
3362	1684
3363	2947
3364	1684
3365	2947
3367	1684
3368	1684
3369	2906
3370	1684
3371	1684
3372	2947
3373	1684
3374	2947
3375	1684
3376	1684
3377	1684
3378	1684
3379	2947
3380	2947
3381	2906
3382	2947
3383	1684
3384	1684
3387	2873
3388	2947
3389	2947
3390	2947
3391	1684
3392	1684
3393	1684
3394	1684
3395	3194
3396	1684
3397	1684
3398	2947
3399	3106
3400	2947
3401	1684
3402	1684
3403	1684
3405	2947
3407	1684
3408	1684
3411	1684
3413	1684
3414	3106
3415	1684
3416	1684
3417	1684
3418	3106
3419	1684
3421	1684
3422	1684
3423	1684
3424	2947
3425	1684
3426	1684
3427	1684
3428	2947
3429	3106
3430	3106
3431	1684
3432	1684
3433	1684
3434	2947
3435	1684
3436	1684
2003	1684
2031	1684
2155	1684
2185	2100
2325	1684
2330	1684
1914	1912
1915	1684
1917	1684
1918	1684
1919	1912
1921	2248
1922	1684
1923	2100
1924	1684
1925	2100
1927	1912
1928	1684
1929	1684
1930	1684
1931	1912
1933	2248
1934	1684
1935	1684
1936	1684
1937	2100
1938	1684
1942	2248
1943	1684
1944	1684
1946	1684
1949	1684
1950	1684
1952	2040
1953	2100
1956	1684
1957	1684
1958	2248
1960	1684
1961	1684
1962	1912
1963	1953
1964	2040
1965	1684
1966	1684
1968	1912
1969	1684
1970	2100
1971	1941
1974	1684
1975	1684
1977	1684
1978	1684
1979	1959
1980	1684
1981	1953
1982	1684
1983	1684
1984	2100
1985	1684
1986	1684
1987	1684
1988	2248
1989	2248
1990	1684
1992	1684
1993	1953
1996	1684
1997	1684
1999	1684
2000	1684
2005	107
2006	1684
2008	1684
2011	1912
2012	1684
2013	1684
2014	1912
2015	2100
2016	1684
2017	1684
2019	1912
2020	2248
2021	2248
2022	1684
2023	1684
2025	1684
2029	1684
2030	2248
2033	2248
2034	1684
2035	1684
2036	1684
2037	1912
2040	1684
2041	1684
2043	1684
2044	2100
2045	1684
2046	1684
2048	1684
2049	1684
2050	1684
2051	1684
2055	1684
2056	1684
2057	107
2058	1684
2059	1959
2060	2248
2061	2100
2063	1684
2064	2248
2066	1684
2067	1912
2069	1912
2070	1684
2073	2248
2074	1684
2075	2248
2076	1684
2077	1684
2078	1912
2079	1684
2080	1684
2082	2100
2083	1912
2084	2248
2085	1684
2086	2248
2088	1684
2089	1684
2090	2248
2091	2248
2092	1684
2093	1684
2094	1684
2095	1684
2096	1684
2097	1684
2098	1684
2099	1684
2100	1684
2103	1912
2104	1684
2105	1684
2106	1684
2107	1684
2108	1912
2109	2100
2110	1684
2112	107
2113	1684
2114	1684
2115	1912
2118	1941
2119	1684
2120	2100
2121	2248
2122	1684
2123	1684
2124	1959
2126	1684
2129	2248
2130	1684
2131	1684
2136	1684
2139	2026
2140	2248
2141	1684
2142	1684
2145	1684
2146	1684
2147	1912
2150	2248
2152	1684
2154	1912
2156	1684
2158	2438
2159	1684
2160	2438
2161	2248
2162	1684
2164	1684
2165	1684
2166	1684
2167	1684
2168	1684
2170	1684
2172	1684
2173	1684
2175	1684
2177	2248
2178	1684
2179	1959
2181	1912
2182	1684
2184	2248
2186	1684
2188	2100
2190	2248
2192	2248
2193	1684
2195	1684
2197	1684
2200	2100
2201	1684
2202	1912
2204	1684
2205	1684
2206	1912
2207	1684
2208	1684
2209	1684
2210	1684
2211	2040
2212	1684
2213	1684
2214	1684
2216	1912
2217	1684
2218	1941
2219	1684
2220	2248
2221	1684
2222	1684
2226	1684
2227	1684
2228	2248
2229	2248
2230	2248
2231	2438
2232	2248
2233	1941
2234	1684
2235	2248
2236	1684
2237	1684
2238	1684
2240	1684
2242	1912
2243	2248
2244	1684
2245	1684
2248	1684
2249	1684
2251	2100
2252	2248
2253	1684
2255	1684
2256	1684
2257	1684
2258	1684
2259	1684
2260	1684
2261	1953
2262	1684
2263	1684
2265	1684
2269	1684
2270	1684
2271	1953
2272	1684
2274	1684
2275	1684
2276	2100
2277	2438
2278	1684
2280	2100
2281	1684
2286	1684
2287	1684
2288	1684
2290	1912
2291	1684
2296	1684
2297	1684
2299	1684
2300	1684
2301	1684
2303	2100
2304	1912
2305	1684
2306	1684
2307	1684
2308	1684
2309	1684
2310	2248
2311	1684
2312	2248
2313	1912
2314	1684
2316	1684
2317	2100
2318	1684
2320	1684
2321	2248
2322	1684
2323	1912
2324	1684
2326	1953
2329	1684
2331	1684
2334	1912
2335	1684
2339	1912
2340	2248
2341	1684
2342	1684
2345	1684
2346	1684
2348	1684
2349	1684
2350	1684
2352	2248
2353	1684
2354	1912
2356	2248
2357	1912
2358	1684
2359	1684
2360	1684
2361	2438
2362	1953
2363	1684
2365	1912
2366	1684
2367	2248
2369	1912
2370	1684
2371	2438
2373	1684
2374	1684
2375	1684
2376	1684
2379	1684
2380	1684
2381	1684
2382	1684
2383	1912
2386	1912
2387	1684
2388	1684
2390	2100
2391	2100
2392	1684
2393	1684
2395	2026
2396	2248
2397	1684
2400	1684
2401	2248
2402	1684
2403	1684
2404	1684
2405	1684
2406	1684
2407	1684
2408	2100
2409	1912
2410	1684
2411	2248
2412	1684
2414	1912
2415	1684
2416	1684
2418	2248
2421	1684
2422	1684
2423	2248
2424	1684
2425	2248
2426	107
2427	1684
2428	2248
2429	1912
2430	1684
2431	1684
2432	1684
2433	1684
2434	1912
2435	1684
2437	1684
2438	1912
2439	1684
2440	1684
2441	1684
2442	1684
2443	1684
2444	1684
2446	1953
2448	1684
2449	2248
2450	1684
2452	1684
2453	1684
2454	1684
2455	1684
2456	1684
2457	1684
2460	1684
2462	1684
2464	1684
2466	1684
2467	1959
2469	1684
2470	1684
2473	1684
2474	1684
2476	2100
2477	1684
2478	1912
2479	1912
2480	1684
2481	1684
2482	1959
2483	1684
2484	2248
2485	1684
2486	1684
2487	1684
2488	1684
2489	1684
2490	1953
2492	1684
2493	2248
2495	1577
2497	2438
2499	2248
2500	1684
2503	107
2504	1684
2505	1684
2506	2248
2507	1912
2513	1684
2514	1684
2515	1684
2517	1684
2518	2248
2520	1684
2521	2248
2522	1912
2523	2438
2524	1912
2525	1684
2526	1941
2527	1684
2528	1684
2531	2248
2532	1684
2534	1684
2535	1684
2536	1684
2537	2100
2539	1684
2540	1684
2541	107
2545	1912
2546	1684
2548	1684
2549	2026
2550	1959
2551	1684
2552	1684
2553	2438
2554	2248
2556	2100
2557	1912
2558	1684
2559	1684
2560	1684
2561	1684
2562	1684
2563	2248
2564	107
2565	1684
2566	1684
2568	1912
2569	1684
2570	1684
2572	1684
2573	1684
2574	1684
2575	1912
2576	1684
2577	1684
2578	1684
2579	1684
2580	2248
2581	1684
2584	1684
2585	1912
2586	1684
2587	1684
2590	2248
2591	1684
2593	1912
2595	1684
2596	1684
2599	1684
2600	2248
2601	2248
2602	1684
2603	2248
2604	1684
2606	1684
2607	1912
2610	2100
2611	2438
2612	1684
2613	1684
2614	2248
2615	2248
2618	1684
2619	1684
2620	2248
2621	1684
2622	1684
2623	2100
2624	1684
2625	1684
2626	1684
2627	1684
2628	1684
2630	2248
2631	107
2632	1684
2633	1684
2634	1684
2637	1684
2638	107
2639	2248
2641	2100
2644	2438
2645	2248
2646	2438
2648	1684
2650	1953
2651	1684
2652	2248
2654	1684
2655	1684
2656	1684
2657	1684
2658	1684
2659	1912
3438	1085
3439	1085
3441	1085
3442	3437
3443	1085
3444	1085
3445	1085
3446	1085
3447	1085
3448	3437
3449	1085
3450	1085
3451	3962
3452	1085
3453	3962
3455	1085
3457	1085
3458	1085
3459	1085
3460	1085
3461	1085
3462	1085
3463	1085
3464	1085
3465	1085
3466	1085
3467	1085
3468	1085
3469	1085
3470	1085
3471	3437
3472	1085
3473	1085
3474	1085
3475	1085
3476	1085
3477	1085
3478	3962
3479	3962
3480	3437
3481	1085
3482	1085
3483	3962
3484	1085
3485	1085
3486	1085
3488	1085
3489	1085
3490	1085
3491	1085
3492	1085
3493	1085
3494	1085
3496	1085
3497	1085
3498	1085
3499	1085
3500	1085
3502	1085
3503	1085
3504	1085
3505	1085
3506	3962
3507	1085
3508	1085
3509	1085
3510	1085
3511	1085
3512	1085
3513	3962
3514	1085
3515	1085
3516	1085
3518	1085
3519	1085
3520	1085
3521	1085
3522	1085
3523	1085
3524	1085
3526	1085
3527	1085
3528	1085
3529	1085
3530	1085
3531	1085
3532	1085
3533	1085
3534	1085
3535	1085
3536	3962
3537	1085
3538	1085
3539	1085
3541	3962
3542	1085
3543	1085
3544	1085
3545	1085
3546	1085
3547	1085
3548	1085
3549	3756
3551	1085
3552	1085
3553	1085
3554	1085
3555	1085
3557	1085
3558	1085
3559	1085
3560	1085
3562	1085
3563	3437
3564	1085
3565	1085
3566	1085
3567	1085
3568	1085
3569	1085
3570	1085
3571	1085
3572	1085
3573	1085
3574	3437
3575	3962
3576	1085
3578	1085
3579	1085
3580	1085
3581	1085
3582	1085
3583	3437
3584	1085
3585	1085
3587	3962
3588	1085
3589	1085
3590	1085
3591	1085
3593	1085
3594	1085
3595	1085
3596	1085
3597	1085
3598	3437
3599	1085
3600	1085
3601	1085
3602	1085
3603	3962
3604	1085
3605	1085
3606	1085
3607	3962
3608	3437
3610	1085
3611	1085
3612	1085
3613	1085
3614	1085
3615	1085
3616	3962
3617	1085
3618	1085
3619	1085
3620	1085
3622	1085
3623	1085
3624	1085
3625	1085
3627	1085
3628	1085
3629	3437
3630	1085
3631	1085
3632	1085
3634	1085
3635	1085
3636	1085
3637	1085
3638	3962
3639	1085
3640	1085
3641	1085
3642	1085
3643	1085
3644	3962
3645	1085
3646	3437
3647	1085
3648	1085
3649	1085
3650	1085
3652	1085
3653	1085
3654	3437
3655	1085
3656	3437
3657	1085
3658	1085
3659	1085
3660	1085
3661	1085
3662	1085
3663	1085
3664	1085
3665	1085
3666	1085
3667	1085
3668	1085
3669	1085
3670	3437
3671	1085
3672	1085
3673	1085
3675	1085
3676	1085
3678	3962
3679	1085
3680	1085
3681	1085
3682	3962
3683	1085
3685	1085
3686	3437
3687	1085
3688	1085
3689	1085
3690	1085
3691	1085
3693	3437
3694	1085
3695	1085
3696	1085
3697	1085
3698	1085
3699	3962
3700	1085
3701	1085
3702	3437
3703	1085
3704	3962
3705	1085
3706	1085
3707	1085
3708	3962
3709	1085
3710	1085
3711	1085
3712	1085
3713	3437
3714	1085
3715	1085
3716	1085
3717	1085
3718	3437
3719	3437
3720	1085
3722	1085
3724	1085
3725	1085
3726	1875
3727	1085
3728	1085
3729	1085
3730	1085
3731	1085
3732	1085
3733	1085
3734	1085
3735	1085
3736	1085
3737	1085
3738	1085
3739	1085
3740	1085
3742	1085
3743	1085
3744	3437
3745	1085
3746	1085
3747	1085
3748	3962
3749	1085
3751	1085
3752	1085
3753	1085
3754	3962
3755	1085
3757	1085
3758	1085
3759	1085
3760	1085
3761	1085
3762	1085
3763	1085
3764	1085
3765	1085
3766	1085
3767	1085
3768	1085
3769	1085
3770	1085
3771	1085
3772	3962
3773	1085
3774	1085
3775	1085
3776	1085
3777	1085
3778	3437
3780	3437
3781	1085
3782	1085
3783	1085
3784	1085
3785	1085
3786	1085
3787	1085
3788	1085
3789	1085
3790	1085
3791	1085
3792	3437
3793	1085
3794	1085
3795	1085
3796	1085
3798	3962
3799	1085
3800	1085
3801	1085
3802	1085
3803	1085
3804	3437
3805	1085
3806	1085
3807	1085
3808	3962
3809	1085
3810	1085
3811	1085
3812	1085
3813	1085
3814	3756
3815	1085
3816	1085
3817	1085
3818	1085
3819	1085
3820	1085
3821	1085
3822	1085
3823	1085
3824	1085
3825	1085
3826	3962
3827	1085
3828	1085
3829	1085
3831	1085
3832	1085
3833	1085
3834	1085
3835	1085
3836	1085
3837	1085
3838	1085
3839	1085
3840	1085
3841	1085
3842	1085
3843	1085
3844	1085
3845	1085
3846	3437
3847	1085
3848	1085
3849	1085
3850	1085
3852	1085
3853	1085
3854	3962
3855	1085
3856	1085
3857	1085
3858	1085
3859	3962
3860	1085
3862	1085
3863	1085
3864	1085
3865	1085
3866	1085
3867	1085
3868	1085
3869	1085
3870	1085
3871	1085
3873	3437
3874	1085
3875	1085
3876	1085
3878	1085
3879	3962
3880	1085
3881	1085
3882	1085
3883	1085
3884	1085
3885	1085
3887	1085
3888	1085
3889	1085
3890	1085
3891	1085
3892	1085
3893	3437
3894	1085
3895	1085
3896	1085
3897	1085
3898	3437
3899	1085
3900	1085
3901	1085
3902	1085
3903	1085
3904	1085
3905	1085
3906	1085
3907	1085
3908	1085
3909	1085
3910	1085
3911	1085
3912	3962
3913	1684
3914	1085
3915	1085
3916	1085
3917	1085
3918	3962
3919	3437
3920	1085
3921	1085
3922	1085
3923	1085
3924	1085
3925	1085
3926	1085
3927	3437
3928	1085
3929	3437
3930	1085
3931	1085
3932	1085
3933	1085
3934	3962
3935	1085
3936	1085
3937	1085
3938	1085
3939	1085
3940	1085
3941	1085
3942	1085
3944	3437
3945	1085
3946	1085
3947	3437
3949	1085
3950	1085
3951	3962
3952	1085
3953	1085
3954	1085
3955	1085
3956	3962
3957	1085
3958	1085
3959	1085
3960	3962
3963	1085
3964	1085
3965	1085
3966	1085
3967	1085
3968	1085
3969	1085
3970	3437
3971	1085
3972	1085
3973	3437
3974	1085
3975	1085
3976	1085
3977	1085
3978	1085
3979	1085
3981	428
3982	428
3983	1684
3984	1684
3985	428
3986	428
3987	1684
3988	1684
3990	428
3991	1684
3992	428
3993	428
3994	428
3995	428
3996	428
3997	428
3998	428
3999	428
4000	428
4001	1684
4002	1684
4003	1684
4004	428
4005	1684
4006	428
4007	1684
4008	1684
4009	428
4010	1684
4012	1684
4013	428
4014	428
4015	1684
4016	428
4017	428
4018	428
4019	428
4020	428
4021	428
4022	1684
4023	428
4024	1684
4025	428
4026	428
4027	428
4028	428
4029	1684
4030	1684
4032	428
4033	1684
4034	428
4035	1684
4036	428
4037	428
4038	1684
